-1.607115397698624104e-01 -3.212826996179204420e-01 2.792244862066475264e-01 -5.972892682980243118e-01
-4.084655009973869877e-01 3.607725609464048633e-01 -6.257525917271666849e-01 9.260195654071542992e-02
-4.921802601530560484e-01 2.662687123491240815e-01 -2.589692425513043794e-01 -5.474964371488321158e-01
-6.647994182197136670e-01 -1.144090673680451253e-01 4.991240731990385093e-01 2.056629848389106563e-01
-3.902363129030828048e-01 2.144790123150625283e-01 -5.665738610327242242e-01 1.220363217792795607e-01
4.181598805410942088e-01 1.394666527061806383e-01 7.472363414833100848e-01 7.646967420050584940e-02
5.115366895793780344e-01 4.700757358000007824e-01 7.572155084954204085e-01 -2.613325717891770011e-02
1.291116724253147385e-01 -9.966645783168563699e-02 -8.787071589413948391e-01 -1.650398674690710110e-01
-3.249978645473408090e-01 -3.022688942317889871e-01 -1.077300253687831777e-01 1.228350598954512513e-01
6.512767138364217168e-02 5.726431679870898073e-01 4.176622951592625643e-01 8.976659444770436480e-02
2.362305548419634249e-01 -8.240652691333487656e-01 4.764691880146652014e-01 1.323189610009365413e-01
7.591663874172782656e-01 -1.596335814891081117e-01 -1.133794825966689679e-01 2.801255956599316699e-01
-3.957517542781900932e-01 1.517877578880623690e-01 6.579900002253911140e-01 2.727685025679518066e-03
6.070150358868828810e-01 5.132185052178748347e-03 6.360090746014925855e-01 -9.736326770861265453e-03
-2.249559297402479174e-01 -7.613906625994040223e-01 6.769112711225988566e-01 -7.665218716495636464e-02
-7.326107912109789400e-01 -9.847338604578075721e-03 -1.906427890818822579e-01 -5.981842693598267147e-01
1.216614343320889802e-01 -3.123633055575877199e-02 -8.561710522864762751e-01 9.611226332084915613e-02
-6.314786958886942081e-02 8.354134689676618875e-01 7.470525535382175342e-01 4.379633529022711885e-02
-4.211162551967631007e-01 1.230605219945671985e-01 4.625812264698510035e-01 2.974918963252977111e-01
5.608527233682500945e-01 5.782456612320169276e-02 5.466780934914239332e-01 4.046485837510750694e-02
