0.000000000000000000e+00 0.000000000000000000e+00 5.006858710562414050e-01
1.237288135593220417e+01 2.564102564102564319e+00 4.005486968449931240e+00
2.474576271186440835e+01 5.128205128205128638e+00 7.009602194787380114e+00
3.711864406779660897e+01 7.692307692307693401e+00 1.351851851851851727e+01
4.949152542372881669e+01 1.025641025641025728e+01 1.552126200274348378e+01
6.186440677966102442e+01 1.282051282051282115e+01 2.002743484224965442e+01
7.423728813559321793e+01 1.538461538461538680e+01 2.753772290809327572e+01
8.661016949152542566e+01 1.794871794871794890e+01 3.755144032921810293e+01
9.898305084745763338e+01 2.051282051282051455e+01 3.955418381344306766e+01
1.113559322033898411e+02 2.307692307692308020e+01 4.255829903978052187e+01
1.237288135593220488e+02 2.564102564102564230e+01 7.860768175582990125e+01
1.361016949152542566e+02 2.820512820512820795e+01 8.111111111111111427e+01
1.484745762711864359e+02 3.076923076923077360e+01 8.511659807956104373e+01
1.608474576271186436e+02 3.333333333333333570e+01 8.762002743484224254e+01
1.732203389830508513e+02 3.589743589743589780e+01 9.362825788751713674e+01
1.855932203389830590e+02 3.846153846153846700e+01 9.663237311385459805e+01
1.979661016949152668e+02 4.102564102564102910e+01 9.813443072702331449e+01
2.103389830508474745e+02 4.358974358974359120e+01 1.011385459533607616e+02
2.227118644067796822e+02 4.615384615384616041e+01 1.076474622770919041e+02
2.350847457627118899e+02 4.871794871794872250e+01 1.211659807956104231e+02
2.474576271186440977e+02 5.128205128205128460e+01 1.216666666666666572e+02
2.598305084745762770e+02 5.384615384615385381e+01 1.236694101508916219e+02
2.722033898305085131e+02 5.641025641025641590e+01 1.356858710562414103e+02
2.845762711864406924e+02 5.897435897435897800e+01 1.497050754458161919e+02
2.969491525423728717e+02 6.153846153846154721e+01 1.597187928669410155e+02
3.093220338983051079e+02 6.410256410256410220e+01 1.652263374485596614e+02
3.216949152542372872e+02 6.666666666666667140e+01 1.662277091906721580e+02
3.340677966101695233e+02 6.923076923076924061e+01 1.667283950617283779e+02
3.464406779661017026e+02 7.179487179487179560e+01 1.782441700960219464e+02
3.588135593220339388e+02 7.435897435897436480e+01 1.802469135802469111e+02
3.711864406779661181e+02 7.692307692307693401e+01 1.832510288065843440e+02
3.835593220338983542e+02 7.948717948717948900e+01 1.847530864197530889e+02
3.959322033898305335e+02 8.205128205128205821e+01 1.912620027434842029e+02
4.083050847457627128e+02 8.461538461538462741e+01 1.932647462277091961e+02
4.206779661016949490e+02 8.717948717948718240e+01 1.952674897119341608e+02
4.330508474576271283e+02 8.974358974358975161e+01 1.962688614540466290e+02
4.454237288135593644e+02 9.230769230769232081e+01 1.997736625514403102e+02
4.577966101694915437e+02 9.487179487179487580e+01 2.097873799725651622e+02
4.701694915254237799e+02 9.743589743589744501e+01 2.313168724279835260e+02
4.825423728813559592e+02 1.000000000000000000e+02 2.383264746227709168e+02
4.949152542372881953e+02 1.000000000000000000e+02 2.428326474622770945e+02
5.072881355932203746e+02 1.331578947368421098e+02 2.568518518518518476e+02
5.196610169491525539e+02 1.663157894736842195e+02 2.593552812071330322e+02
5.320338983050847901e+02 1.994736842105263008e+02 2.648628257887517066e+02
5.444067796610170262e+02 2.326315789473684106e+02 2.768792866941014950e+02
5.567796610169491487e+02 2.657894736842105203e+02 2.848902606310013539e+02
5.691525423728813848e+02 2.989473684210526017e+02 2.863923182441700988e+02
5.815254237288136210e+02 3.321052631578946830e+02 2.883950617283950351e+02
5.938983050847457434e+02 3.652631578947368212e+02 2.893964334705075316e+02
6.062711864406779796e+02 3.984210526315789025e+02 2.984087791495198871e+02
6.186440677966102157e+02 4.315789473684210407e+02 3.039163237311385046e+02
6.310169491525424519e+02 4.647368421052631220e+02 3.094238683127571790e+02
6.433898305084745743e+02 4.978947368421052033e+02 3.159327846364883499e+02
6.557627118644068105e+02 5.310526315789472847e+02 3.164334705075445413e+02
6.681355932203390466e+02 5.642105263157893660e+02 3.239437585733882088e+02
6.805084745762712828e+02 5.973684210526315610e+02 3.279492455418381383e+02
6.928813559322034052e+02 6.305263157894736423e+02 3.374622770919066852e+02
7.052542372881356414e+02 6.636842105263157237e+02 3.399657064471879266e+02
7.176271186440678775e+02 6.968421052631578050e+02 3.514814814814814667e+02
7.300000000000000000e+02 7.300000000000000000e+02 3.639986282578875034e+02
