-4.031380894098611556e+00 5.349593830869397992e-02
-3.939853676493533019e+00 -5.182396044014228043e-01
-3.516103822561881920e+00 -1.165127001362490144e+00
-3.426291069881675089e+00 1.710672307260642011e+00
-3.370985050786379666e+00 3.106957905581481105e-01
-3.221582540956891894e+00 -5.867464581600271289e-01
-2.950684358519814143e+00 7.906567394653720715e-01
1.131638975411846104e+00 2.042800479511415190e+00
1.617658691886005862e+00 -1.999687183731536644e-01
1.896846472853924048e+00 1.352517381110172723e+00
1.911163547658770057e+00 1.096326262963324361e+00
1.992703769177453621e+00 3.643790015549506767e-01
2.200940532686343154e+00 1.280660395913346239e+00
2.404235138625525625e+00 1.489459273601378975e-01
3.349836974856230665e+00 1.091626397203981469e+00
3.472407817521253826e+00 -1.362362720651417947e+00
